

<!DOCTYPE html>
<html lang="zh-CN" data-default-color-scheme=auto>



<head>
  <meta charset="UTF-8">
  <link rel="apple-touch-icon" sizes="76x76" href="/img/fluid.png">
  <link rel="icon" href="/img/fluid.png">
  <meta name="viewport" content="width=device-width, initial-scale=1.0, maximum-scale=5.0, shrink-to-fit=no">
  <meta http-equiv="x-ua-compatible" content="ie=edge">
  
  <meta name="theme-color" content="#2f4154">
  <meta name="author" content="Chen">
  <meta name="keywords" content="">
  
    <meta name="description" content="第 1 章 绪论  1.1 研究背景和意义 1.2 国内外研究现状  1.2.1 医学图像辅助诊断研究现状 1.2.2 脑肿瘤图像分类研究现状 1.2.3 研究难点问题  1.3 本文主要研究内容 1.4 论文结构安排  第 2 章 相关理论及技术介绍  2.1 多模态核磁共振成像介绍  2.1.1磁共振成像原理 2.1.2多模态结构性磁共振影像  2.2">
<meta property="og:type" content="article">
<meta property="og:title" content="论文">
<meta property="og:url" content="http://example.com/2024/05/02/%E8%AE%BA%E6%96%87/index.html">
<meta property="og:site_name" content="Chen&#39;s Blog">
<meta property="og:description" content="第 1 章 绪论  1.1 研究背景和意义 1.2 国内外研究现状  1.2.1 医学图像辅助诊断研究现状 1.2.2 脑肿瘤图像分类研究现状 1.2.3 研究难点问题  1.3 本文主要研究内容 1.4 论文结构安排  第 2 章 相关理论及技术介绍  2.1 多模态核磁共振成像介绍  2.1.1磁共振成像原理 2.1.2多模态结构性磁共振影像  2.2">
<meta property="og:locale" content="zh_CN">
<meta property="article:published_time" content="2024-05-02T11:28:36.000Z">
<meta property="article:modified_time" content="2024-05-12T12:28:45.289Z">
<meta property="article:author" content="Chen">
<meta name="twitter:card" content="summary_large_image">
  
  
  
  <title>论文 - Chen&#39;s Blog</title>

  <link  rel="stylesheet" href="https://lib.baomitu.com/twitter-bootstrap/4.6.1/css/bootstrap.min.css" />



  <link  rel="stylesheet" href="https://lib.baomitu.com/github-markdown-css/4.0.0/github-markdown.min.css" />

  <link  rel="stylesheet" href="https://lib.baomitu.com/hint.css/2.7.0/hint.min.css" />

  <link  rel="stylesheet" href="https://lib.baomitu.com/fancybox/3.5.7/jquery.fancybox.min.css" />



<!-- 主题依赖的图标库，不要自行修改 -->
<!-- Do not modify the link that theme dependent icons -->

<link rel="stylesheet" href="//at.alicdn.com/t/font_1749284_hj8rtnfg7um.css">



<link rel="stylesheet" href="//at.alicdn.com/t/font_1736178_lbnruvf0jn.css">


<link  rel="stylesheet" href="/css/main.css" />


  <link id="highlight-css" rel="stylesheet" href="/css/highlight.css" />
  
    <link id="highlight-css-dark" rel="stylesheet" href="/css/highlight-dark.css" />
  




  <script id="fluid-configs">
    var Fluid = window.Fluid || {};
    Fluid.ctx = Object.assign({}, Fluid.ctx)
    var CONFIG = {"hostname":"example.com","root":"/","version":"1.9.4","typing":{"enable":true,"typeSpeed":70,"cursorChar":"_","loop":false,"scope":[]},"anchorjs":{"enable":true,"element":"h1,h2,h3,h4,h5,h6","placement":"left","visible":"hover","icon":""},"progressbar":{"enable":true,"height_px":3,"color":"#29d","options":{"showSpinner":false,"trickleSpeed":100}},"code_language":{"enable":true,"default":"TEXT"},"copy_btn":true,"image_caption":{"enable":true},"image_zoom":{"enable":true,"img_url_replace":["",""]},"toc":{"enable":true,"placement":"right","headingSelector":"h1,h2,h3,h4,h5,h6","collapseDepth":0},"lazyload":{"enable":true,"loading_img":"/img/loading.gif","onlypost":false,"offset_factor":2},"web_analytics":{"enable":false,"follow_dnt":true,"baidu":null,"google":null,"gtag":null,"tencent":{"sid":null,"cid":null},"woyaola":null,"cnzz":null,"leancloud":{"app_id":null,"app_key":null,"server_url":null,"path":"window.location.pathname","ignore_local":false}},"search_path":"/local-search.xml"};

    if (CONFIG.web_analytics.follow_dnt) {
      var dntVal = navigator.doNotTrack || window.doNotTrack || navigator.msDoNotTrack;
      Fluid.ctx.dnt = dntVal && (dntVal.startsWith('1') || dntVal.startsWith('yes') || dntVal.startsWith('on'));
    }
  </script>
  <script  src="/js/utils.js" ></script>
  <script  src="/js/color-schema.js" ></script>
  


  
<meta name="generator" content="Hexo 6.3.0"></head>


<body>
  

  <header>
    

<div class="header-inner" style="height: 70vh;">
  <nav id="navbar" class="navbar fixed-top  navbar-expand-lg navbar-dark scrolling-navbar">
  <div class="container">
    <a class="navbar-brand" href="/">
      <strong>Chen&#39;s Blog</strong>
    </a>

    <button id="navbar-toggler-btn" class="navbar-toggler" type="button" data-toggle="collapse"
            data-target="#navbarSupportedContent"
            aria-controls="navbarSupportedContent" aria-expanded="false" aria-label="Toggle navigation">
      <div class="animated-icon"><span></span><span></span><span></span></div>
    </button>

    <!-- Collapsible content -->
    <div class="collapse navbar-collapse" id="navbarSupportedContent">
      <ul class="navbar-nav ml-auto text-center">
        
          
          
          
          
            <li class="nav-item">
              <a class="nav-link" href="/">
                <i class="iconfont icon-home-fill"></i>
                <span>首页</span>
              </a>
            </li>
          
        
          
          
          
          
            <li class="nav-item">
              <a class="nav-link" href="/archives/">
                <i class="iconfont icon-archive-fill"></i>
                <span>归档</span>
              </a>
            </li>
          
        
          
          
          
          
            <li class="nav-item">
              <a class="nav-link" href="/categories/">
                <i class="iconfont icon-category-fill"></i>
                <span>分类</span>
              </a>
            </li>
          
        
          
          
          
          
            <li class="nav-item">
              <a class="nav-link" href="/about/">
                <i class="iconfont icon-user-fill"></i>
                <span>关于</span>
              </a>
            </li>
          
        
        
          <li class="nav-item" id="search-btn">
            <a class="nav-link" target="_self" href="javascript:;" data-toggle="modal" data-target="#modalSearch" aria-label="Search">
              <i class="iconfont icon-search"></i>
            </a>
          </li>
          
        
        
          <li class="nav-item" id="color-toggle-btn">
            <a class="nav-link" target="_self" href="javascript:;" aria-label="Color Toggle">
              <i class="iconfont icon-dark" id="color-toggle-icon"></i>
            </a>
          </li>
        
      </ul>
    </div>
  </div>
</nav>

  

<div id="banner" class="banner" parallax=true
     style="background: url('/img/default.png') no-repeat center center; background-size: cover;">
  <div class="full-bg-img">
    <div class="mask flex-center" style="background-color: rgba(0, 0, 0, 0.3)">
      <div class="banner-text text-center fade-in-up">
        <div class="h2">
          
            <span id="subtitle" data-typed-text="论文"></span>
          
        </div>

        
          
  <div class="mt-3">
    
      <span class="post-meta mr-2">
        <i class="iconfont icon-author" aria-hidden="true"></i>
        Chen
      </span>
    
    
      <span class="post-meta">
        <i class="iconfont icon-date-fill" aria-hidden="true"></i>
        <time datetime="2024-05-02 19:28" pubdate>
          2024年5月2日 晚上
        </time>
      </span>
    
  </div>

  <div class="mt-1">
    
      <span class="post-meta mr-2">
        <i class="iconfont icon-chart"></i>
        
          26k 字
        
      </span>
    

    
      <span class="post-meta mr-2">
        <i class="iconfont icon-clock-fill"></i>
        
        
        
          219 分钟
        
      </span>
    

    
    
  </div>


        
      </div>

      
    </div>
  </div>
</div>

</div>

  </header>

  <main>
    
      

<div class="container-fluid nopadding-x">
  <div class="row nomargin-x">
    <div class="side-col d-none d-lg-block col-lg-2">
      

    </div>

    <div class="col-lg-8 nopadding-x-md">
      <div class="container nopadding-x-md" id="board-ctn">
        <div id="board">
          <article class="post-content mx-auto">
            <!-- SEO header -->
            <h1 style="display: none">论文</h1>
            
              <p class="note note-info">
                
                  
                    本文最后更新于：2024年5月12日 晚上
                  
                
              </p>
            
            
              <div class="markdown-body">
                
                <ul>
<li>第 1 章 绪论
<ul>
<li>1.1 研究背景和意义</li>
<li>1.2 国内外研究现状
<ul>
<li>1.2.1 医学图像辅助诊断研究现状</li>
<li>1.2.2 脑肿瘤图像分类研究现状</li>
<li>1.2.3 研究难点问题</li>
</ul></li>
<li>1.3 本文主要研究内容</li>
<li>1.4 论文结构安排</li>
</ul></li>
<li>第 2 章 相关理论及技术介绍
<ul>
<li>2.1 多模态核磁共振成像介绍
<ul>
<li>2.1.1磁共振成像原理</li>
<li>2.1.2多模态结构性磁共振影像</li>
</ul></li>
<li>2.2 深度学习相关概念
<ul>
<li>2.3.1 卷积神经网络</li>
<li>2.3.2 全局池化层</li>
<li>2.3.3分类评价指标</li>
</ul></li>
<li>2.4 本章小结</li>
</ul></li>
<li>第 3 章 基于卷积神经网络的多模态肿瘤分型
<ul>
<li>引言</li>
<li>数据集简介及预处理
<ul>
<li>数据集简介</li>
<li>数据预处理</li>
</ul></li>
<li>基于卷积神经网络的分型网络框架</li>
<li>3.4 实验设置与结果分析
<ul>
<li>3.4.1 实验环境与参数设置</li>
<li>3.4.2 分类评价指标</li>
<li>3.4.3 实验结果与分析</li>
</ul></li>
<li>3.5 本章小结</li>
</ul></li>
<li>第 4 章 基于次序约束与mix-up的脑肿瘤图像分类方法
<ul>
<li>引言</li>
<li>4.1 次序约束假设</li>
<li>4.2 基于多元高斯分布的先验分布假设</li>
<li>4.3 mix-up数据构造方法</li>
<li>4.4 改进卷积神经网络的脑肿瘤分类模型</li>
<li>4.5 实验设置与结果分析
<ul>
<li>4.5.1 实验环境与参数设置</li>
<li>4.5.2 对比实验结果与分析</li>
</ul></li>
<li>4.6 本章小结</li>
</ul></li>
<li>第五章 基于单类别零样本的分型网络训练策略
<ul>
<li>引言</li>
<li></li>
</ul></li>
<li>第 6 章 总结和展望
<ul>
<li>6.1 本文总结</li>
<li>6.2 工作展望</li>
</ul></li>
<li>参考文献</li>
</ul>
<h3 id="baseline">baseline</h3>
<p>训练集分布： {0: 206, 1: 171, 2: 487, 3: 0, 4: 0, 5: 0} 测试集分布：
{0: 41, 1: 28, 2: 83, 3: 0, 4: 0, 5: 0} 验证集分布： {0: 55, 1: 42, 2:
126, 3: 0, 4: 0, 5: 0}</p>
<p>测试集总体精度为: 0.6907894611358643 测试集各类精度为:
tensor([0.6341, 0.4286, 0.8072]) 测试集混淆矩阵为: tensor([[26., 5.,
10.], [ 9., 12., 7.], [14., 2., 67.]]) 测试集标签为: tensor([[3, 1, 3,
2, 1, 2, 3, 3, 3, 3, 3, 1, 2, 3, 3, 3, 1, 2, 1, 1, 2, 2, 1, 3, 3, 3, 3,
1, 1, 3, 1, 1, 1, 1, 2, 2, 2, 2, 3, 2, 3, 3, 3, 3, 3, 3, 3, 3, 3, 3, 3,
2, 2, 3, 3, 3, 1, 3, 1, 3, 2, 3, 1, 2, 3, 2, 3, 3, 3, 3, 3, 3, 3, 3, 1,
3, 1, 1, 3, 3, 3, 3, 1, 3, 3, 3, 3, 3, 3, 3, 3, 1, 3, 3, 3, 3, 1, 1, 2,
3, 2, 3, 1, 1, 1, 3, 1, 1, 3, 2, 1, 1, 1, 1, 2, 3, 1, 2, 1, 2, 3, 2, 3,
3, 3, 3, 3, 3, 2, 2, 3, 1, 2, 1, 1, 2, 3, 3, 2, 3, 3, 3, 3, 3, 1, 3, 3,
1, 1, 3, 1, 3]]) 测试集标签对应概率为: tensor([[[0.0462, 0.5327, 0.1003,
0.3206, 0.2144, 0.3109, 0.6527, 0.0735, 0.3223, 0.0791, 0.1783, 0.7131,
0.3282, 0.1671, 0.1785, 0.6450, 0.5823, 0.4053, 0.4701, 0.4530, 0.2967,
0.7644, 0.3919, 0.0868, 0.2318, 0.0316, 0.0636, 0.5728, 0.3431, 0.1955,
0.1400, 0.0675, 0.7007, 0.6357, 0.4606, 0.1279, 0.3601, 0.6864, 0.3381,
0.3884, 0.0737, 0.0111, 0.1950, 0.1083, 0.0467, 0.0520, 0.0076, 0.2960,
0.4190, 0.0639, 0.5531, 0.4892, 0.4159, 0.0295, 0.0888, 0.5176, 0.5907,
0.1293, 0.4449, 0.4468, 0.1143, 0.0150, 0.4253, 0.0340, 0.2052, 0.3907,
0.0189, 0.0578, 0.1485, 0.1271, 0.0030, 0.0888, 0.4310, 0.1403, 0.1247,
0.4648, 0.1089, 0.4423, 0.2340, 0.3702, 0.1854, 0.2281, 0.5604, 0.0794,
0.1557, 0.6513, 0.0967, 0.1538, 0.0603, 0.0882, 0.1597, 0.3094, 0.2989,
0.1251, 0.0983, 0.5083, 0.6585, 0.4820, 0.5048, 0.1922, 0.3413, 0.0331,
0.6452, 0.6957, 0.4540, 0.0662, 0.5890, 0.4423, 0.1004, 0.0290, 0.5910,
0.7826, 0.8273, 0.7024, 0.3668, 0.0796, 0.3480, 0.3458, 0.7230, 0.4758,
0.0726, 0.5271, 0.1456, 0.0543, 0.1382, 0.1106, 0.1007, 0.1767, 0.5247,
0.2915, 0.1011, 0.3532, 0.3024, 0.7213, 0.5955, 0.5090, 0.5465, 0.4558,
0.4172, 0.3638, 0.1975, 0.5239, 0.4773, 0.2506, 0.2838, 0.4387, 0.2095,
0.1828, 0.1251, 0.1200, 0.6555, 0.3743], [0.0331, 0.4360, 0.0386,
0.5100, 0.4111, 0.6040, 0.3174, 0.0294, 0.2611, 0.0316, 0.0568, 0.1875,
0.3950, 0.0899, 0.0720, 0.2320, 0.2970, 0.3638, 0.4701, 0.3312, 0.3486,
0.2244, 0.5466, 0.0674, 0.0955, 0.0165, 0.0298, 0.2613, 0.0994, 0.0555,
0.0894, 0.0237, 0.2369, 0.3580, 0.3490, 0.4768, 0.4716, 0.2555, 0.2227,
0.4727, 0.0366, 0.0032, 0.0619, 0.0358, 0.0139, 0.0215, 0.0029, 0.1883,
0.4447, 0.0317, 0.2035, 0.4486, 0.5022, 0.0088, 0.0567, 0.3322, 0.3615,
0.0528, 0.2107, 0.2637, 0.0743, 0.0217, 0.4420, 0.0134, 0.0784, 0.4337,
0.0096, 0.0111, 0.0592, 0.0435, 0.0017, 0.0553, 0.4275, 0.1252, 0.3473,
0.2712, 0.0850, 0.1681, 0.0752, 0.4631, 0.1199, 0.0547, 0.3770, 0.0499,
0.0631, 0.1938, 0.0730, 0.0639, 0.0598, 0.0319, 0.1951, 0.1825, 0.1241,
0.0729, 0.0677, 0.3556, 0.2742, 0.4820, 0.4327, 0.0790, 0.2596, 0.0100,
0.3266, 0.1600, 0.3929, 0.0472, 0.3065, 0.2231, 0.0354, 0.0208, 0.4037,
0.1981, 0.1700, 0.2946, 0.1700, 0.0220, 0.5020, 0.2731, 0.1865, 0.5062,
0.0426, 0.4288, 0.0505, 0.0217, 0.1045, 0.0337, 0.0616, 0.0723, 0.4037,
0.4957, 0.0394, 0.0442, 0.5259, 0.2639, 0.3307, 0.4326, 0.2988, 0.1680,
0.5725, 0.1937, 0.1259, 0.1850, 0.2927, 0.1402, 0.1373, 0.2803, 0.1168,
0.0899, 0.0917, 0.0403, 0.2462, 0.1063], [0.9207, 0.0313, 0.8612,
0.1694, 0.3746, 0.0852, 0.0298, 0.8971, 0.4165, 0.8892, 0.7649, 0.0994,
0.2768, 0.7429, 0.7495, 0.1229, 0.1207, 0.2309, 0.0597, 0.2158, 0.3547,
0.0111, 0.0615, 0.8459, 0.6727, 0.9519, 0.9067, 0.1660, 0.5575, 0.7491,
0.7706, 0.9088, 0.0624, 0.0063, 0.1904, 0.3953, 0.1683, 0.0581, 0.4392,
0.1389, 0.8897, 0.9856, 0.7431, 0.8559, 0.9394, 0.9265, 0.9895, 0.5158,
0.1363, 0.9044, 0.2433, 0.0622, 0.0819, 0.9617, 0.8544, 0.1501, 0.0478,
0.8178, 0.3444, 0.2896, 0.8113, 0.9634, 0.1327, 0.9526, 0.7164, 0.1756,
0.9716, 0.9311, 0.7924, 0.8294, 0.9952, 0.8559, 0.1415, 0.7346, 0.5280,
0.2639, 0.8061, 0.3896, 0.6909, 0.1667, 0.6947, 0.7173, 0.0627, 0.8707,
0.7812, 0.1549, 0.8304, 0.7824, 0.8799, 0.8799, 0.6452, 0.5081, 0.5770,
0.8020, 0.8340, 0.1362, 0.0673, 0.0360, 0.0625, 0.7288, 0.3991, 0.9569,
0.0282, 0.1443, 0.1532, 0.8867, 0.1045, 0.3346, 0.8642, 0.9502, 0.0053,
0.0193, 0.0027, 0.0030, 0.4632, 0.8984, 0.1500, 0.3810, 0.0904, 0.0179,
0.8848, 0.0441, 0.8039, 0.9239, 0.7573, 0.8557, 0.8377, 0.7510, 0.0716,
0.2127, 0.8594, 0.6025, 0.1716, 0.0149, 0.0739, 0.0585, 0.1547, 0.3762,
0.0103, 0.4425, 0.6766, 0.2911, 0.2301, 0.6092, 0.5789, 0.2810, 0.6737,
0.7273, 0.7832, 0.8397, 0.0983, 0.5194]]], dtype=torch.float64)</p>
<p>测试集总体精度为: 0.7565789222717285 测试集各类精度为:
tensor([0.5854, 0.5357, 0.9157]) 测试集混淆矩阵为: tensor([[24., 4.,
13.], [ 5., 15., 8.], [ 5., 2., 76.]]) 测试集标签为: tensor([[3, 1, 3,
2, 1, 2, 3, 3, 3, 3, 3, 1, 2, 3, 3, 3, 1, 2, 1, 1, 2, 2, 1, 3, 3, 3, 3,
1, 1, 3, 1, 1, 1, 1, 2, 2, 2, 2, 3, 2, 3, 3, 3, 3, 3, 3, 3, 3, 3, 3, 3,
2, 2, 3, 3, 3, 1, 3, 1, 3, 2, 3, 1, 2, 3, 2, 3, 3, 3, 3, 3, 3, 3, 3, 1,
3, 1, 1, 3, 3, 3, 3, 1, 3, 3, 3, 3, 3, 3, 3, 3, 1, 3, 3, 3, 3, 1, 1, 2,
3, 2, 3, 1, 1, 1, 3, 1, 1, 3, 2, 1, 1, 1, 1, 2, 3, 1, 2, 1, 2, 3, 2, 3,
3, 3, 3, 3, 3, 2, 2, 3, 1, 2, 1, 1, 2, 3, 3, 2, 3, 3, 3, 3, 3, 1, 3, 3,
1, 1, 3, 1, 3]]) 测试集标签对应概率为: tensor([[[0.0283, 0.4643, 0.0501,
0.3006, 0.2177, 0.2366, 0.4469, 0.0346, 0.1908, 0.0339, 0.0563, 0.4739,
0.3267, 0.0368, 0.0650, 0.3626, 0.4577, 0.2936, 0.3998, 0.4815, 0.2365,
0.5791, 0.3954, 0.0699, 0.0580, 0.0084, 0.0429, 0.5956, 0.2255, 0.0546,
0.0575, 0.0315, 0.5991, 0.5044, 0.4488, 0.2249, 0.3803, 0.6497, 0.1345,
0.3449, 0.0344, 0.0049, 0.0516, 0.0277, 0.0130, 0.0174, 0.0043, 0.1697,
0.3299, 0.0286, 0.1916, 0.4342, 0.3848, 0.0215, 0.0480, 0.3046, 0.4867,
0.0277, 0.3995, 0.3262, 0.0856, 0.0213, 0.3871, 0.0203, 0.1514, 0.3751,
0.0075, 0.0195, 0.0514, 0.0376, 0.0045, 0.0308, 0.4050, 0.0521, 0.0595,
0.3297, 0.0868, 0.2194, 0.0676, 0.4656, 0.1012, 0.0914, 0.3800, 0.0526,
0.0627, 0.5797, 0.1032, 0.0482, 0.0521, 0.0258, 0.1276, 0.2155, 0.0925,
0.0533, 0.0332, 0.3957, 0.6346, 0.4042, 0.4133, 0.0593, 0.2990, 0.0182,
0.4772, 0.5315, 0.4533, 0.0345, 0.4743, 0.2842, 0.0285, 0.0188, 0.5754,
0.5660, 0.6791, 0.6743, 0.2657, 0.0331, 0.3495, 0.3959, 0.6286, 0.4235,
0.0581, 0.5184, 0.0296, 0.0671, 0.0394, 0.0321, 0.0688, 0.0850, 0.4550,
0.3579, 0.0251, 0.0568, 0.2984, 0.6154, 0.4756, 0.3352, 0.4369, 0.2144,
0.4560, 0.1759, 0.0499, 0.2873, 0.2588, 0.0379, 0.0624, 0.2438, 0.0853,
0.0669, 0.0487, 0.0266, 0.3709, 0.2478], [0.0293, 0.4451, 0.0261,
0.6079, 0.3946, 0.3179, 0.1917, 0.0164, 0.2850, 0.0167, 0.0216, 0.2903,
0.3838, 0.0197, 0.0350, 0.1478, 0.3901, 0.2817, 0.4200, 0.4123, 0.5462,
0.3891, 0.5486, 0.0544, 0.0304, 0.0041, 0.0174, 0.3492, 0.0781, 0.0197,
0.0414, 0.0125, 0.3408, 0.4248, 0.3377, 0.7025, 0.4839, 0.3067, 0.0903,
0.4249, 0.0230, 0.0019, 0.0181, 0.0114, 0.0062, 0.0093, 0.0016, 0.1168,
0.3521, 0.0163, 0.0954, 0.4353, 0.4888, 0.0071, 0.0300, 0.2844, 0.3210,
0.0134, 0.2065, 0.3078, 0.0650, 0.0240, 0.3838, 0.0115, 0.0691, 0.3754,
0.0046, 0.0058, 0.0222, 0.0156, 0.0025, 0.0208, 0.4615, 0.0530, 0.0788,
0.1899, 0.0793, 0.1111, 0.0339, 0.4656, 0.0878, 0.0417, 0.3378, 0.0395,
0.0356, 0.2040, 0.0719, 0.0194, 0.0756, 0.0116, 0.1589, 0.1888, 0.0398,
0.0447, 0.0305, 0.3036, 0.2896, 0.3855, 0.5641, 0.0291, 0.3067, 0.0062,
0.3855, 0.1284, 0.3912, 0.0333, 0.2864, 0.3082, 0.0127, 0.0160, 0.3822,
0.3682, 0.2932, 0.3019, 0.1437, 0.0146, 0.5805, 0.4586, 0.2303, 0.3872,
0.0482, 0.4036, 0.0114, 0.0253, 0.0339, 0.0158, 0.0463, 0.0459, 0.4619,
0.5229, 0.0107, 0.0076, 0.3879, 0.3295, 0.4035, 0.2698, 0.2796, 0.0978,
0.4795, 0.1216, 0.0289, 0.1636, 0.3088, 0.0160, 0.0320, 0.1786, 0.0487,
0.0364, 0.0400, 0.0118, 0.2171, 0.0866], [0.9424, 0.0906, 0.9238,
0.0914, 0.3877, 0.4455, 0.3614, 0.9490, 0.5242, 0.9493, 0.9221, 0.2357,
0.2895, 0.9435, 0.9000, 0.4896, 0.1522, 0.4247, 0.1802, 0.1062, 0.2173,
0.0318, 0.0560, 0.8756, 0.9116, 0.9875, 0.9396, 0.0552, 0.6963, 0.9258,
0.9011, 0.9560, 0.0601, 0.0708, 0.2135, 0.0726, 0.1358, 0.0435, 0.7752,
0.2301, 0.9426, 0.9932, 0.9303, 0.9610, 0.9808, 0.9734, 0.9941, 0.7134,
0.3180, 0.9551, 0.7130, 0.1305, 0.1264, 0.9714, 0.9220, 0.4110, 0.1923,
0.9589, 0.3941, 0.3660, 0.8494, 0.9547, 0.2291, 0.9681, 0.7795, 0.2496,
0.9879, 0.9747, 0.9264, 0.9468, 0.9930, 0.9484, 0.1334, 0.8949, 0.8617,
0.4804, 0.8339, 0.6695, 0.8986, 0.0688, 0.8109, 0.8669, 0.2823, 0.9079,
0.9017, 0.2163, 0.8249, 0.9324, 0.8723, 0.9626, 0.7135, 0.5957, 0.8678,
0.9020, 0.9362, 0.3006, 0.0758, 0.2103, 0.0227, 0.9116, 0.3943, 0.9756,
0.1374, 0.3400, 0.1555, 0.9322, 0.2394, 0.4076, 0.9588, 0.9652, 0.0424,
0.0658, 0.0277, 0.0238, 0.5907, 0.9523, 0.0699, 0.1455, 0.1411, 0.1893,
0.8938, 0.0780, 0.9589, 0.9077, 0.9267, 0.9521, 0.8849, 0.8691, 0.0830,
0.1192, 0.9642, 0.9356, 0.3138, 0.0550, 0.1209, 0.3950, 0.2835, 0.6878,
0.0645, 0.7025, 0.9212, 0.5491, 0.4324, 0.9460, 0.9057, 0.5776, 0.8660,
0.8967, 0.9113, 0.9616, 0.4120, 0.6655]]], dtype=torch.float64)</p>
<h3 id="focalloss">FocalLoss</h3>
<p>测试集总体精度为: 0.7105262875556946 测试集各类精度为:
tensor([0.5854, 0.3571, 0.8916]) 测试集混淆矩阵为: tensor([[24., 6.,
11.], [14., 10., 4.], [ 9., 0., 74.]]) 测试集标签为: tensor([[3, 1, 3,
2, 1, 2, 3, 3, 3, 3, 3, 1, 2, 3, 3, 3, 1, 2, 1, 1, 2, 2, 1, 3, 3, 3, 3,
1, 1, 3, 1, 1, 1, 1, 2, 2, 2, 2, 3, 2, 3, 3, 3, 3, 3, 3, 3, 3, 3, 3, 3,
2, 2, 3, 3, 3, 1, 3, 1, 3, 2, 3, 1, 2, 3, 2, 3, 3, 3, 3, 3, 3, 3, 3, 1,
3, 1, 1, 3, 3, 3, 3, 1, 3, 3, 3, 3, 3, 3, 3, 3, 1, 3, 3, 3, 3, 1, 1, 2,
3, 2, 3, 1, 1, 1, 3, 1, 1, 3, 2, 1, 1, 1, 1, 2, 3, 1, 2, 1, 2, 3, 2, 3,
3, 3, 3, 3, 3, 2, 2, 3, 1, 2, 1, 1, 2, 3, 3, 2, 3, 3, 3, 3, 3, 1, 3, 3,
1, 1, 3, 1, 3]]) 测试集标签对应概率为: tensor([[[0.1439, 0.5171, 0.1963,
0.3312, 0.2504, 0.2551, 0.4719, 0.1489, 0.2537, 0.1346, 0.2244, 0.6028,
0.3778, 0.2034, 0.1902, 0.4099, 0.4611, 0.3465, 0.3882, 0.3503, 0.3504,
0.6738, 0.3546, 0.1482, 0.2611, 0.1331, 0.1332, 0.5705, 0.4170, 0.2655,
0.2001, 0.1695, 0.5860, 0.6034, 0.4388, 0.3227, 0.3902, 0.7637, 0.2827,
0.5075, 0.1686, 0.0691, 0.1721, 0.2068, 0.1600, 0.1119, 0.0621, 0.2947,
0.2325, 0.1387, 0.3225, 0.4728, 0.4488, 0.1048, 0.1385, 0.4069, 0.5989,
0.1678, 0.4322, 0.4213, 0.2296, 0.0998, 0.4049, 0.0941, 0.2195, 0.3791,
0.0805, 0.1384, 0.1752, 0.2177, 0.0663, 0.1332, 0.4811, 0.1455, 0.1918,
0.3824, 0.1601, 0.2996, 0.2658, 0.5593, 0.1924, 0.3317, 0.4645, 0.1324,
0.3173, 0.5607, 0.1948, 0.2075, 0.1370, 0.1889, 0.1649, 0.3200, 0.2229,
0.1813, 0.1428, 0.4807, 0.5348, 0.3719, 0.5503, 0.2297, 0.3527, 0.1500,
0.4775, 0.6139, 0.5300, 0.1187, 0.4685, 0.4104, 0.1469, 0.1267, 0.5087,
0.5280, 0.6318, 0.5649, 0.4905, 0.1790, 0.3750, 0.4395, 0.6027, 0.4119,
0.2179, 0.4112, 0.2294, 0.2090, 0.1538, 0.2201, 0.1212, 0.1957, 0.4346,
0.2739, 0.1412, 0.2908, 0.2538, 0.5663, 0.4558, 0.3777, 0.4226, 0.3202,
0.4068, 0.2863, 0.2359, 0.3696, 0.3674, 0.1469, 0.2010, 0.3602, 0.2230,
0.2132, 0.1766, 0.2013, 0.4468, 0.3087], [0.1410, 0.3661, 0.0915,
0.5397, 0.5434, 0.5258, 0.1732, 0.0657, 0.1537, 0.0514, 0.0736, 0.3099,
0.4208, 0.0793, 0.0729, 0.1915, 0.3881, 0.2591, 0.4607, 0.4987, 0.4555,
0.2816, 0.5700, 0.1047, 0.1037, 0.0517, 0.0627, 0.3839, 0.1227, 0.0697,
0.0910, 0.0432, 0.3697, 0.3440, 0.4819, 0.5599, 0.3575, 0.1873, 0.1499,
0.3485, 0.0894, 0.0153, 0.0670, 0.0487, 0.0460, 0.0498, 0.0456, 0.1292,
0.1509, 0.0749, 0.1379, 0.3968, 0.4045, 0.0374, 0.0932, 0.1693, 0.2085,
0.0398, 0.3252, 0.1706, 0.1815, 0.1240, 0.3332, 0.0461, 0.0742, 0.3337,
0.0203, 0.0356, 0.0443, 0.0659, 0.0300, 0.0585, 0.4321, 0.1012, 0.3000,
0.1759, 0.1098, 0.1216, 0.0941, 0.3134, 0.0911, 0.0608, 0.3072, 0.0612,
0.1295, 0.2420, 0.1069, 0.0647, 0.1394, 0.1011, 0.1629, 0.1175, 0.0710,
0.1026, 0.1183, 0.2563, 0.2642, 0.4757, 0.4311, 0.0856, 0.3404, 0.0624,
0.4016, 0.1740, 0.2833, 0.0695, 0.2500, 0.2555, 0.0430, 0.0870, 0.4420,
0.4154, 0.3441, 0.3663, 0.3614, 0.1084, 0.5499, 0.3017, 0.1775, 0.3028,
0.1241, 0.5606, 0.0723, 0.0670, 0.1548, 0.0910, 0.0649, 0.0956, 0.4241,
0.6283, 0.0500, 0.0690, 0.4697, 0.3775, 0.3101, 0.2560, 0.2344, 0.1280,
0.5374, 0.1163, 0.0498, 0.1445, 0.2685, 0.0615, 0.0931, 0.2693, 0.1709,
0.0947, 0.1028, 0.0714, 0.2343, 0.0582], [0.7151, 0.1168, 0.7123,
0.1291, 0.2062, 0.2191, 0.3550, 0.7854, 0.5926, 0.8140, 0.7020, 0.0873,
0.2015, 0.7173, 0.7369, 0.3986, 0.1508, 0.3944, 0.1511, 0.1510, 0.1941,
0.0446, 0.0754, 0.7471, 0.6352, 0.8152, 0.8041, 0.0456, 0.4603, 0.6648,
0.7090, 0.7872, 0.0443, 0.0527, 0.0793, 0.1174, 0.2523, 0.0490, 0.5674,
0.1440, 0.7420, 0.9156, 0.7609, 0.7445, 0.7940, 0.8383, 0.8923, 0.5761,
0.6166, 0.7865, 0.5396, 0.1304, 0.1467, 0.8578, 0.7683, 0.4237, 0.1926,
0.7924, 0.2426, 0.4081, 0.5889, 0.7762, 0.2619, 0.8598, 0.7063, 0.2872,
0.8991, 0.8260, 0.7805, 0.7165, 0.9037, 0.8083, 0.0868, 0.7533, 0.5082,
0.4417, 0.7301, 0.5788, 0.6402, 0.1273, 0.7165, 0.6075, 0.2283, 0.8064,
0.5531, 0.1972, 0.6984, 0.7278, 0.7235, 0.7099, 0.6722, 0.5625, 0.7062,
0.7162, 0.7389, 0.2629, 0.2010, 0.1524, 0.0187, 0.6847, 0.3069, 0.7876,
0.1209, 0.2120, 0.1868, 0.8117, 0.2815, 0.3341, 0.8101, 0.7863, 0.0494,
0.0566, 0.0241, 0.0688, 0.1481, 0.7126, 0.0751, 0.2587, 0.2198, 0.2853,
0.6580, 0.0282, 0.6983, 0.7240, 0.6914, 0.6889, 0.8139, 0.7087, 0.1413,
0.0977, 0.8088, 0.6403, 0.2765, 0.0561, 0.2341, 0.3663, 0.3430, 0.5518,
0.0558, 0.5974, 0.7143, 0.4859, 0.3641, 0.7916, 0.7059, 0.3705, 0.6061,
0.6921, 0.7206, 0.7273, 0.3189, 0.6331]]], dtype=torch.float64)</p>
<h3 id="机器学习">机器学习</h3>
<p>y_test: [2 0 2 1 0 1 2 2 2 2 2 0 1 2 2 2 0 1 0 0 1 1 0 2 2 2 2 0 0 2
0 0 0 0 1 1 1 1 2 1 2 2 2 2 2 2 2 2 2 2 2 1 1 2 2 2 0 2 0 2 1 2 0 1 2 1
2 2 2 2 2 2 2 2 0 2 0 0 2 2 2 2 0 2 2 2 2 2 2 2 2 0 2 2 2 2 0 0 1 2 1 2
0 0 0 2 0 0 2 1 0 0 0 0 1 2 0 1 0 1 2 1 2 2 2 2 2 2 1 1 2 0 1 0 0 1 2 2
1 2 2 2 2 2 0 2 2 0 0 2 0 2] SVM Accuracy: 0.5394736842105263 [2 2 2 2 2
2 2 2 2 2 2 2 2 2 2 2 2 2 2 2 2 2 2 2 2 2 2 2 2 2 2 2 2 2 2 2 2 2 2 2 2
2 2 2 2 2 1 2 2 2 2 2 2 2 2 2 2 2 2 2 2 2 2 2 2 2 2 2 2 2 2 2 2 2 2 2 2
2 2 2 2 2 2 2 2 2 2 2 2 2 2 2 2 2 2 2 2 2 2 2 2 2 2 2 2 2 2 2 2 2 2 2 2
2 2 2 2 2 2 2 2 2 2 2 2 2 2 2 2 2 2 2 2 2 2 2 2 2 2 2 2 2 2 2 2 2 2 2 2
2 2 2] Random Forest Accuracy: 0.5789473684210527 [2 2 2 2 2 2 0 2 2 2 2
0 2 2 2 0 0 2 2 0 2 0 0 2 2 2 2 0 2 2 2 2 0 1 2 1 2 1 2 2 2 2 2 2 2 2 1
2 1 2 1 2 2 2 2 2 2 2 2 0 2 2 0 2 2 2 2 1 2 2 2 2 2 1 2 2 1 2 2 0 2 2 2
2 2 2 2 2 2 2 2 2 2 2 2 2 2 2 0 2 2 2 2 2 2 2 2 2 2 2 0 0 0 0 2 2 1 0 0
2 1 0 2 0 2 2 2 2 2 1 2 2 2 0 2 0 2 2 0 2 2 2 2 2 2 2 2 2 2 2 2 2]
Logistic Regression Accuracy: 0.4473684210526316 [2 2 2 2 2 2 1 2 1 2 1
2 2 0 2 1 1 0 0 2 2 1 2 2 1 2 2 1 2 2 1 2 0 2 0 2 1 2 0 2 2 2 2 2 2 2 1
0 2 2 1 2 2 2 2 1 1 2 2 0 2 2 2 2 1 2 0 2 1 2 2 1 0 1 1 2 2 2 2 1 2 2 2
2 2 2 1 2 2 2 2 2 2 2 2 2 2 1 1 2 2 2 0 2 2 2 2 1 2 0 1 0 0 0 1 2 1 1 1
1 1 2 2 2 0 1 2 2 0 2 2 2 2 1 0 1 1 0 0 1 1 2 2 0 2 2 2 2 2 1 2 2]</p>
<p>SVM PROB [[0.1867144 0.17666209 0.63662351]<br />
[0.38216449 0.23388079 0.38395472]<br />
[0.15155384 0.15477036 0.69367581]<br />
[0.35258889 0.21924975 0.42816136]<br />
[0.15851466 0.15898884 0.6824965 ]<br />
[0.13278572 0.13809984 0.72911444]<br />
[0.4042225 0.25899591 0.33678159]<br />
[0.15251487 0.14615746 0.70132767]<br />
[0.21604277 0.19036671 0.59359052]<br />
[0.28664782 0.21210796 0.50124422]<br />
[0.25620484 0.19512784 0.54866732]<br />
[0.30253673 0.22545277 0.4720105 ]<br />
[0.27581813 0.21739819 0.50678367]<br />
[0.23897574 0.16674627 0.59427799]<br />
[0.21956462 0.18959942 0.59083596]<br />
[0.39580044 0.24416397 0.36003559]<br />
[0.344495 0.24759018 0.40791482]<br />
[0.20534307 0.17349523 0.62116171]<br />
[0.18637269 0.16308422 0.65054309]<br />
[0.42562833 0.27326509 0.30110658]<br />
[0.26530541 0.22675137 0.50794323]<br />
[0.38839591 0.27014853 0.34145556]<br />
[0.35091024 0.22924942 0.41984034]<br />
[0.14866917 0.18569033 0.6656405 ]<br />
[0.28880664 0.22585349 0.48533987]<br />
[0.11211591 0.14387101 0.74401309]<br />
[0.17670656 0.16369423 0.65959921]<br />
[0.41503997 0.28946039 0.29549964]<br />
[0.17402984 0.16336413 0.66260603]<br />
[0.19130109 0.15050307 0.65819583]<br />
[0.21455173 0.21724176 0.56820651]<br />
[0.23271101 0.19083295 0.57645604]<br />
[0.32953499 0.22404074 0.44642428]<br />
[0.45400172 0.25877522 0.28722306]<br />
[0.2648054 0.20944157 0.52575303]<br />
[0.35703771 0.26443654 0.37852574]<br />
[0.25685893 0.21164593 0.53149514]</p>
<p>[0.49890473 0.28438925 0.21670602]<br />
[0.3156468 0.22805999 0.45629321] [0.19428101 0.20178378 0.60393521]
[0.18007882 0.1813856 0.63853558] [0.2128229 0.16220339 0.6249737 ]
[0.1769394 0.17110103 0.65195957] [0.2147392 0.1602435 0.6250173 ]
[0.16230737 0.16521506 0.67247757] [0.14538849 0.13521346 0.71939805]
[0.44003963 0.30547685 0.25448351] [0.32619452 0.20041586 0.47338962]
[0.20682514 0.23153215 0.56164271] [0.1277916 0.16189652 0.71031188]
[0.32662493 0.25485946 0.41851561] [0.24434637 0.18144282 0.57421081]
[0.22342307 0.18642663 0.5901503 ] [0.15005906 0.19375104 0.6561899 ]
[0.19079457 0.1701429 0.63906253] [0.27406342 0.2078886 0.51804798]
[0.22897915 0.20726057 0.56376028] [0.21793462 0.18701324 0.59505214]
[0.20101872 0.18761454 0.61136674] [0.34726725 0.2344911 0.41824165]
[0.22525204 0.18072072 0.59402725] [0.07654616 0.14471194 0.7787419 ]
[0.25250869 0.19587192 0.55161939] [0.18781218 0.22039347 0.59179435]
[0.17980456 0.19920215 0.62099329] [0.19114693 0.17644945 0.63240363]
[0.25269947 0.18514828 0.56215226] [0.36634684 0.21588008 0.41777309]
[0.37272661 0.27194869 0.3553247 ] [0.15694984 0.16494127 0.67810889]
[0.20400657 0.16668105 0.62931238] [0.24162249 0.20070298 0.55767453]
[0.31307086 0.2143427 0.47258644]</p>
<p>[0.2949144 0.25767358 0.44741202] [0.49395781 0.29692593 0.20911627]
[0.24493418 0.24255954 0.51250628] [0.34569356 0.24691097 0.40739547]
[0.17882614 0.15089937 0.67027449] [0.14690715 0.15524595 0.6978469 ]
[0.49662231 0.31313096 0.19024673] [0.14316833 0.17581308 0.68101859]
[0.23986826 0.19235906 0.56777268] [0.22659487 0.16481045 0.60859468]
[0.18918479 0.16687489 0.64394032] [0.20166951 0.16507963 0.63325086]
[0.15366719 0.15810205 0.68823076] [0.27391413 0.23333118 0.49275469]
[0.19471093 0.16331737 0.6419717 ] [0.08011223 0.1472532 0.77263457]
[0.14593679 0.16319896 0.69086426] [0.20033732 0.17739134 0.62227134]
[0.18512163 0.19362384 0.62125453] [0.19738747 0.18304356 0.61956897]
[0.1788209 0.16258222 0.65859688] [0.35710291 0.22283893 0.42005817]
[0.15574206 0.13773414 0.7065238 ] [0.27138152 0.20616219 0.52245629]
[0.27066723 0.21698504 0.51234773] [0.50437824 0.30941961 0.18620214]
[0.20245942 0.18207341 0.61546718] [0.29789877 0.21593613 0.4861651 ]
[0.11648828 0.14661829 0.73689344] [0.3895492 0.25957925 0.35087156]
[0.18705559 0.15732628 0.65561813] [0.20473025 0.19172431 0.60354544]
[0.1331724 0.13146791 0.73535969] [0.19941682 0.17245937 0.62812381]
[0.28880453 0.21294927 0.4982462 ] [0.22230149 0.19603646 0.58166205]
[0.4000756 0.23681068 0.36311371] [0.46660628 0.27395165 0.25944208]
[0.34620932 0.22099818 0.4327925 ] [0.41128732 0.26839988 0.3203128 ]
[0.46241766 0.28164276 0.25593958] [0.39137689 0.26021475 0.34840836]
[0.21734864 0.22446104 0.55819032] [0.31006232 0.23696359 0.45297408]
[0.29589198 0.25565555 0.44845247] [0.46687888 0.27604643
0.25707469]</p>
<p>[0.45205631 0.29403418 0.25390951] [0.17971937 0.27282763 0.547453 ]
[0.25896499 0.20002982 0.54100519] [0.1236446 0.12052227 0.75583313]
[0.48262953 0.26170234 0.25566813] [0.31787196 0.21609468 0.46603336]
[0.23485804 0.20735947 0.55778249] [0.15771531 0.13207867 0.71020602]
[0.25290989 0.20342501 0.54366511] [0.38817424 0.2343696 0.37745616]
[0.35790784 0.25675281 0.38533935] [0.12754276 0.13145128 0.74100596]
[0.26143159 0.19693705 0.54163136] [0.08898849 0.14370823 0.76730328]
[0.30982529 0.22727187 0.46290284] [0.34109714 0.24059453 0.41830833]
[0.45515518 0.2804426 0.26440223] [0.31497884 0.22037427 0.46464689]
[0.24374916 0.18518044 0.5710704 ] [0.34469523 0.21064197 0.4446628 ]
[0.19796913 0.18973897 0.61229191] [0.12433713 0.14968491 0.72597795]
[0.22640696 0.18732851 0.58626453] [0.13568503 0.17336347 0.6909515 ]
[0.30039205 0.20861286 0.4909951 ] [0.29465885 0.21053148 0.49480967]
[0.18160158 0.17800617 0.64039225] [0.23665768 0.18136787 0.58197445]
[0.16009292 0.15515482 0.68475226] [0.16637018 0.14915616 0.68447366]
[0.19521178 0.22582714 0.57896109] [0.15378642 0.13379847 0.7124151 ]
[0.16911964 0.18814884 0.64273152]]</p>
<p>RF PROB [[0.11 0.1 0.79] [0.21 0.37 0.42] [0.1 0.1 0.8 ] [0.23 0.29
0.48] [0.24 0.18 0.58] [0.12 0.04 0.84] [0.5 0.18 0.32] [0.16 0.02 0.82]
[0.18 0.27 0.55] [0.27 0.18 0.55] [0.35 0.19 0.46] [0.44 0.3 0.26] [0.31
0.22 0.47] [0.22 0.07 0.71] [0.21 0.14 0.65] [0.41 0.32 0.27] [0.39 0.36
0.25] [0.09 0.15 0.76] [0.22 0.09 0.69] [0.5 0.25 0.25] [0.17 0.31 0.52]
[0.52 0.33 0.15] [0.42 0.29 0.29] [0.05 0.22 0.73] [0.12 0.19 0.69]
[0.17 0.07 0.76] [0.18 0.18 0.64] [0.47 0.28 0.25] [0.33 0.17 0.5 ]
[0.17 0.11 0.72] [0.16 0.25 0.59] [0.18 0.13 0.69] [0.44 0.24 0.32]
[0.32 0.39 0.29] [0.37 0.14 0.49] [0.3 0.47 0.23] [0.3 0.23 0.47] [0.31
0.4 0.29] [0.26 0.22 0.52] [0.19 0.27 0.54] [0.2 0.23 0.57] [0.26 0.15
0.59]</p>
<p>[0.22 0.12 0.66]<br />
[0.23 0.16 0.61] [0.16 0.26 0.58] [0.13 0.15 0.72] [0.14 0.5 0.36] [0.32
0.15 0.53] [0.25 0.42 0.33] [0.17 0.13 0.7 ] [0.27 0.39 0.34] [0.17 0.21
0.62] [0.23 0.29 0.48] [0.35 0.22 0.43] [0.15 0.14 0.71] [0.29 0.21 0.5
] [0.23 0.31 0.46] [0.13 0.14 0.73] [0.32 0.25 0.43] [0.43 0.23 0.34]
[0.18 0.16 0.66] [0.14 0.26 0.6 ] [0.44 0.24 0.32] [0.3 0.27 0.43] [0.15
0.23 0.62] [0.26 0.1 0.64] [0.24 0.13 0.63] [0.27 0.38 0.35] [0.27 0.32
0.41] [0.16 0.09 0.75] [0.14 0.24 0.62] [0.28 0.22 0.5 ] [0.25 0.29
0.46] [0.24 0.43 0.33] [0.32 0.31 0.37] [0.17 0.38 0.45] [0.26 0.42
0.32] [0.13 0.15 0.72] [0.23 0.15 0.62] [0.39 0.32 0.29] [0.22 0.19
0.59] [0.23 0.24 0.53]</p>
<p>[0.21 0.16 0.63] [0.13 0.16 0.71] [0.29 0.27 0.44] [0.2 0.19 0.61]
[0.3 0.19 0.51] [0.16 0.12 0.72] [0.09 0.08 0.83] [0.2 0.1 0.7 ] [0.16
0.13 0.71] [0.35 0.19 0.46] [0.28 0.24 0.48] [0.33 0.18 0.49] [0.26 0.21
0.53] [0.26 0.09 0.65] [0.25 0.33 0.42] [0.28 0.27 0.45] [0.51 0.26
0.23] [0.15 0.23 0.62] [0.31 0.24 0.45] [0.15 0.13 0.72] [0.34 0.28
0.38] [0.29 0.15 0.56] [0.26 0.21 0.53] [0.1 0.08 0.82] [0.35 0.14 0.51]
[0.37 0.17 0.46] [0.28 0.25 0.47] [0.29 0.33 0.38] [0.42 0.36 0.22]
[0.45 0.19 0.36] [0.52 0.23 0.25] [0.45 0.24 0.31] [0.21 0.36 0.43]
[0.33 0.33 0.34] [0.31 0.36 0.33] [0.45 0.27 0.28] [0.52 0.23 0.25]
[0.26 0.33 0.41] [0.12 0.45 0.43] [0.45 0.23 0.32] [0.15 0.06 0.79]
[0.37 0.3 0.33] [0.31 0.22 0.47] [0.21 0.16 0.63] [0.24 0.13 0.63] [0.2
0.26 0.54] [0.39 0.2 0.41] [0.18 0.44 0.38] [0.15 0.09 0.76] [0.16 0.22
0.62] [0.08 0.09 0.83] [0.44 0.26 0.3 ] [0.39 0.19 0.42] [0.41 0.21
0.38] [0.35 0.27 0.38] [0.25 0.17 0.58] [0.55 0.18 0.27] [0.11 0.09 0.8
] [0.07 0.01 0.92] [0.34 0.16 0.5 ] [0.21 0.28 0.51] [0.2 0.23 0.57]
[0.22 0.11 0.67] [0.25 0.22 0.53]</p>
<p>[0.26 0.2 0.54] [0.15 0.03 0.82] [0.24 0.07 0.69] [0.21 0.28 0.51]
[0.12 0.09 0.79] [0.12 0.31 0.57]]</p>
<p>LR PROB [[1.12981518e-08 3.22201478e-06 9.99996767e-01]
[2.74093730e-13 3.57855882e-12 1.00000000e+00] [1.83348203e-13
2.95309207e-12 1.00000000e+00] [9.11659652e-06 2.74946740e-01
7.25044143e-01] [8.85941774e-08 4.08386868e-07 9.99999503e-01]
[7.02988246e-05 1.89761486e-05 9.99910725e-01] [9.73299612e-04
9.99026695e-01 5.82748412e-09] [1.82825797e-06 5.41811887e-08
9.99998118e-01] [4.15747660e-03 9.74646947e-01 2.11955767e-02]
[1.73560872e-01 2.54733556e-04 8.26184394e-01] [3.59108560e-01
6.06974861e-01 3.39165797e-02] [6.48263250e-12 1.39296733e-07
9.99999861e-01] [1.29918533e-03 2.02287328e-02 9.78472082e-01]
[9.96477814e-01 3.29665441e-05 3.48921939e-03] [5.96930302e-03
3.23915616e-03 9.90791541e-01] [4.43103785e-01 5.56893885e-01
2.32989720e-06] [8.35316972e-05 9.62830405e-01 3.70860630e-02]
[8.98681582e-01 9.53327815e-02 5.98563674e-03] [9.73089525e-01
1.49339407e-03 2.54170812e-02] [1.78286469e-07 9.90829872e-03
9.90091523e-01] [3.87712890e-07 2.74157080e-02 9.72583904e-01]
[7.78603031e-04 9.98286728e-01 9.34668788e-04] [1.40504361e-07
1.10139221e-01 8.89860638e-01] [1.44159241e-09 1.28941050e-01
8.71058948e-01] [2.16965400e-03 9.97775931e-01 5.44153879e-05]
[2.50078231e-09 2.79900490e-08 9.99999970e-01] [7.13558334e-17
8.39925261e-10 9.99999999e-01] [2.77542065e-08 9.99999839e-01
1.32926476e-07] [1.77407827e-07 1.80480013e-07 9.99999642e-01]
[9.99759686e-05 5.72024560e-04 9.99327999e-01] [1.04494141e-07
8.46120001e-01 1.53879895e-01] [3.61105800e-06 2.76849409e-01
7.23146980e-01] [9.95621473e-01 2.70816425e-05 4.35144550e-03]
[2.91254026e-02 1.66670729e-01 8.04203868e-01] [9.31396881e-01
3.61594372e-06 6.85995028e-02] [2.67495132e-17 8.57578251e-05
9.99914242e-01] [7.92475605e-05 9.98816023e-01 1.10472971e-03]
[6.42551125e-10 2.11516623e-06 9.99997884e-01] [5.49667393e-01
4.50332462e-01 1.45184193e-07] [9.71677920e-12 9.56243619e-06
9.99990438e-01] [1.48362899e-07 1.89712713e-05 9.99980880e-01]
[1.59564980e-04 1.37250920e-07 9.99840298e-01] [4.21172027e-09
1.26840657e-05 9.99987312e-01] [1.37206210e-03 1.93790040e-06
9.98626000e-01] [1.41923155e-06 5.95905155e-05 9.99938990e-01]
[8.72900263e-09 4.61342287e-13 9.99999991e-01] [1.58963781e-16
1.00000000e+00 9.85963782e-11] [9.99999930e-01 2.02075194e-08
4.93270408e-08] [8.23716256e-10 4.98079717e-01 5.01920283e-01]
[3.34350527e-08 1.32168633e-05 9.99986750e-01] [5.29944505e-09
9.99995093e-01 4.90195810e-06]</p>
<p>[4.05126410e-05 1.67701886e-04 9.99791785e-01] [5.55376297e-09
1.45978738e-09 9.99999993e-01] [2.04016554e-16 5.00681891e-09
9.99999995e-01] [3.24673897e-10 4.08757720e-11 1.00000000e+00]
[2.01847184e-01 5.59463277e-01 2.38689538e-01] [2.09363100e-03
9.42344168e-01 5.55622015e-02] [2.16484829e-02 2.67370747e-01
7.10980770e-01] [4.13717876e-10 2.73169280e-08 9.99999972e-01]
[9.54007327e-01 4.55687006e-02 4.23972267e-04] [2.92168525e-05
3.15669805e-09 9.99970780e-01] [8.70267580e-19 3.44733892e-12
1.00000000e+00] [1.01355538e-03 4.08209002e-08 9.98986404e-01]
[2.43778040e-12 5.11897424e-07 9.99999488e-01] [1.93234961e-07
8.71166052e-01 1.28833755e-01] [1.26266860e-05 3.16277991e-08
9.99987342e-01] [9.80914558e-01 1.87115576e-03 1.72142859e-02]
[2.96874516e-14 3.06669111e-10 1.00000000e+00] [1.22275070e-05
9.99987772e-01 2.04407460e-10] [7.20128922e-09 1.40583108e-05
9.99985934e-01] [7.14949031e-07 2.66026912e-06 9.99996625e-01]
[6.38704336e-04 7.59500270e-01 2.39861025e-01] [8.99777381e-01
7.29371217e-02 2.72854976e-02] [7.29191151e-09 9.99307546e-01
6.92446210e-04]</p>
<p>[5.10869847e-06 9.99994509e-01 3.82586727e-07] [2.29292670e-16
3.91199340e-07 9.99999609e-01] [1.76179009e-16 2.71951015e-06
9.99997280e-01] [1.89532065e-04 3.80678108e-07 9.99810087e-01]
[3.15089877e-05 7.32978407e-06 9.99961161e-01] [7.00291971e-03
9.92997080e-01 1.69585767e-12] [1.55509190e-15 5.14922342e-09
9.99999995e-01] [4.10844821e-15 5.79395725e-14 1.00000000e+00]
[1.92967695e-01 2.55461587e-06 8.07029750e-01] [1.31311062e-02
1.17327728e-03 9.85695617e-01] [1.44955901e-19 1.55372906e-19
1.00000000e+00] [4.23112216e-15 2.43378768e-10 1.00000000e+00]
[3.50562434e-04 9.99644445e-01 4.99214714e-06] [2.14219393e-02
1.64564453e-03 9.76932416e-01] [3.03235105e-12 8.88462770e-07
9.99999112e-01] [3.52259358e-07 4.92428683e-06 9.99994723e-01]
[2.95561832e-04 1.03098149e-01 8.96606289e-01] [7.71867695e-13
7.03153200e-12 1.00000000e+00] [2.03306147e-08 8.19821246e-06
9.99991781e-01] [4.07763025e-05 4.84991432e-06 9.99954374e-01]
[1.12370557e-01 3.20061362e-03 8.84428829e-01] [2.69655601e-06
1.01519603e-09 9.99997302e-01] [6.89916548e-18 1.08809129e-13
1.00000000e+00] [6.07000955e-03 7.20554288e-01 2.73375702e-01]
[1.62638933e-01 8.37360815e-01 2.52816644e-07] [1.67895504e-07
5.92970535e-06 9.99993902e-01] [6.13509083e-08 2.29479185e-03
9.97705147e-01] [5.43706460e-09 3.12059072e-06 9.99996874e-01]
[6.82536437e-01 3.17463049e-01 5.14101164e-07] [2.95336163e-11
3.07399179e-10 1.00000000e+00] [2.88253367e-09 1.15436952e-01
8.84563045e-01] [1.61032199e-05 1.61078535e-08 9.99983881e-01]
[5.47762804e-02 3.80490884e-05 9.45185671e-01] [2.42059786e-01
7.04635530e-01 5.33046836e-02] [2.29526811e-06 1.55113186e-04
9.99842592e-01] [5.33306901e-01 3.69360377e-01 9.73327219e-02]
[7.31749837e-04 9.99268226e-01 2.39594382e-08] [9.99998049e-01
1.35387691e-06 5.96696373e-07] [9.99379961e-01 6.20038281e-04
5.52124745e-10] [9.99848159e-01 1.51840965e-04 4.32997269e-10]
[1.11354144e-02 9.88864448e-01 1.37203451e-07] [5.29907512e-07
4.13572799e-01 5.86426671e-01] [1.37556913e-10 9.97487581e-01
2.51241873e-03] [8.72384881e-05 9.93261736e-01 6.65102586e-03]
[1.39805794e-01 8.59093110e-01 1.10109627e-03] [8.06942505e-11
1.00000000e+00 2.58983148e-14] [2.62501368e-17 9.99943920e-01
5.60799625e-05]</p>
<p>[2.57319518e-06 9.31954040e-05 9.99904231e-01] [7.69903656e-08
8.87711543e-14 9.99999923e-01] [4.77574287e-05 2.46274499e-06
9.99949780e-01] [4.37529402e-01 1.25337423e-01 4.37133175e-01]
[4.59610756e-03 6.58626306e-01 3.36777586e-01] [3.33676776e-05
3.41050795e-09 9.99966629e-01] [1.72520850e-10 1.86187273e-05
9.99981381e-01] [9.99581131e-01 4.18717946e-04 1.51166695e-07]
[1.88041411e-07 2.43076765e-02 9.75692135e-01] [1.10636539e-06
2.73693009e-07 9.99998620e-01] [1.27340840e-23 6.54115236e-21
1.00000000e+00] [9.99534941e-12 3.77178564e-05 9.99962282e-01]
[8.76801647e-02 8.61968591e-01 5.03512444e-02] [9.98655920e-01
1.24470630e-03 9.93735494e-05] [7.41157074e-05 9.99919856e-01
6.02817588e-06] [3.86917532e-03 9.86097441e-01 1.00333835e-02]
[9.90238666e-01 9.74374076e-03 1.75928603e-05] [9.99709130e-01
1.86678467e-07 2.90683800e-04] [2.75700748e-05 9.99021828e-01
9.50601591e-04] [1.42274767e-01 8.31342892e-01 2.63823406e-02]
[2.85089219e-01 3.18764459e-01 3.96146322e-01] [1.02993518e-13
3.32779530e-07 9.99999667e-01] [4.85790972e-01 4.44165732e-01
7.00432960e-02] [3.82322335e-04 6.12686524e-04 9.99004991e-01]
[2.14310705e-08 8.94089436e-07 9.99999084e-01] [3.16672470e-02
1.37042317e-04 9.68195711e-01] [5.60270329e-04 2.41345752e-05
9.99415595e-01] [4.92480179e-02 9.08897081e-06 9.50742893e-01]
[3.47728773e-10 9.60127856e-01 3.98721440e-02] [1.76793116e-07
3.01932363e-12 9.99999823e-01] [2.25258242e-20 3.82396474e-11
